#C:/Users/Dan/PycharmProjects/Random-Walk-Betweenness/graphs/random_graphs.py
# GMT Thu Nov 28 15:29:07 2019
# 
0,8,16,21,26,46,47,54,66,67,88
1,5,12,17,32,38,44,65,68,73,83,87,90,93
2,3,34,44,48,62,85,91
3,8,30,43,46,63,67,89
4,12,27,45,59,62,66,80,88,91,95,99
5,11,26,33,36,48,52,70,81,90,92,95
6,8,13,20,53,55,58,59,64,98
7,16,21,31,34,41,58,61,76,92,93,98
8,9,15,18,27,37,51,52,67,68,75,76,81
9,10,16,27,33,38,40,57,66,74,78,90,92,96
10,14,19,31,42,56,67,80,91
11,26,29,35,37,90
12,36,37,40,54,57,69,80,89
13,45,95
14,17,29,33,35,65,68,74,83,90
15,24,25,49,52,61,62,67,96
16,20,31,39,44,46,61,63,67,69,76,86,90
17,25,46,48,65,83,85,89,90,97
18,25,33,34,46,51,53,72,73,86,95
19,23,56,81,93,96
20,26,39,57,96
21,30,34,47,58,61,64,69,83,90
22,25,26,50,89
23,39,41,70,73,74,85,97,98
24,43,51,52,57,63,64,81,94
25,32,50,53,62,81,89,90,91,94,95
26,51,63,64,77,82,95
27,36,44,56,83
28,34,45,69,71,87,95,97
29,34,43,62,65,66,88,92
30,39,44,77,81,86
31,51,55,68,70,72,80,82,90,98
32,35,42,51,68,70,80,84,92
33,44,53,54,68,82,94
34,39,43,51,92,98,99
35,41,48,49,63,72
36,45,56,57,61,63,66,92
37,59,65,79,80,83
38,52,75,88,98
39,42,51,62,70,77,93
40,50,54,55,58,63,86,91
41,61,72,84,93
42,66,67,70,78,82,83,86,90
43,56
44,55
45,62,65,80
46,74,81
47,58,72,74,76,79,81,86,91,95,97
48
49,68,71,72,78,81
50,64,80
51,53,54,63,83,90,98
52,67,74,75,82
53,56,64,76,81,83,87,88
54,84,89
55,56,69,87,96
56,60,66,70,73,89,91,98
57,59,65,81,82,94,96
58,63,67,75
59,64
60,66,89
61,63,73,95
62,63,83,90,93,99
63,65,84,87,96
64
65,71,93,98
66,92
67,84,88,98
68,70,72,74,75,93,94
69,70,73,78,84,86,88,98
70,77,80,96
71,74,80,92,99
72,77,84
73,74,78,96,99
74,76,77,90,92
75,80,97
76,78,79,80,81,82,83,92,93
77,78,87
78,86,94,97
79,85
80,86
81
82,88,93,99
83,88
84,86,90,95,97,99
85,97
86,90
87,89,92
88
89,92
90
91
92
93
94,95,99
95,98
96
97
98
99
