#C:/Users/Dan/PycharmProjects/Random-Walk-Betweenness/graphs/random_graphs.py
# GMT Mon Apr 27 00:28:50 2020
# 
0	8	9	10	12	13	15	17	18	19	20	21	23	25	30	31	32	36	37	41	46	49
1	8	9	10	11	12	14	15	16	17	20	21	22	23	27	28	32	33	34	36	37	38	39	40	41	43	46	48
2	8	9	10	11	12	15	16	19	21	25	29	42	43	44	46	49
3	8	9	10	11	13	14	15	16	17	18	19	20	21	22	23	24	26	27	28	29	31	36	38	40	44
4	8	10	11	12	14	15	21	25	29	37	40
5	8	9	10	11	12	14	20	46	47
6	8	9	11	16	25	33	35	39	41
7	8	9	12	13	14	15	17	20	23	24	26	27	28	30	31	41	45
8	9	10	11	12	13	14	16	17	18	19	20	22	26	27	31	34	36	37	38	39	40	44	46	48	49
9	10	11	12	13	14	15	17	18	19	21	22	23	24	25	27	29	31	32	33	34	35	38	39	42	43	47	49
10	13	15	19	20	21	23	25	28	34	40	44
11	13	14	16	20	21	27	30	32	33	39	45	46
12	18	25	28	29	30	31	33	39	42	43	47
13	16	18	28	33	34	42	45	48	49
14	17	18	19	22	31	35	37	44	45
15	17	19	24	27	28	30	32	35	41	45
16	26	30	33	34	35	37	42	43	44	47
17	23	26	27	28	32	36	38	47
18	22	30	32	45
19	23	25	30
20	22	24	26	35
21	22	24	36	49
22	24	26	31	37
23	29	32	34	35	36	41	43
24	26
25	29	42
26	47	49
27
28	29	35	41	47	48
29	37	42	45
30	39
31	33
32	34	36	48
33	38
34	40	48
35	43	44
36	38	40	42	46
37	39	43
38	40	48
39	41	44
40
41	47	49
42	45
43
44
45	46
46
47	48
48
49
