#C:/Users/Dan/PycharmProjects/Random-Walk-Betweenness/graphs/random_graphs.py
# GMT Mon Apr 27 00:28:50 2020
# 
0	1	149	2	148	3	147	4	146	5	6	7	143	8	9	141	10	140
1	2	3	149	4	148	147	6	146	7	8	144	9	143	10	142	11	141	99	125	135
2	3	4	149	6	148	7	147	8	146	9	145	10	144	11	143	12	142	97	98	79
3	4	5	6	7	149	8	148	147	10	146	11	145	12	144	13	143	135
4	5	6	7	8	9	149	10	148	11	12	146	13	145	14	144	21	99	122
5	6	7	8	9	10	11	149	12	148	13	147	14	15	145	31
6	7	8	9	11	12	13	149	14	148	15	147	16	146	96	78	23
7	8	9	10	12	13	14	15	16	147	119	59
8	10	11	13	14	15	16	17	149	18	148	28	60	29
9	10	11	12	13	14	15	16	18	19	149	111
10	11	12	14	15	16	17	18	19	20	143	91
11	12	13	15	16	17	18	19	21	34	49	118	43
12	13	14	16	17	18	19	20	21	22	106	108	142	80
13	14	15	16	17	18	19	20	21	22	23	128
14	16	17	18	19	20	21	22	24	77	41	59
15	16	17	18	20	21	23	24	25	136	35	61
16	17	18	19	20	21	22	23	24	25	26	139
17	18	19	20	23	24	25	26	27	103	41	48
18	19	20	21	22	23	24	25	26	27	110	107	34
19	20	21	22	24	25	26	27	29	55	138	142	140
20	21	22	23	24	25	26	27	28	29	30
21	22	23	24	25	27	28	29	30	31
22	23	24	25	27	28	29	30	31	32	115
23	24	25	26	27	28	29	30	31	33	146
24	25	26	27	28	29	30	31	32	33	34	86
25	26	27	28	29	30	31	32	33	34	35
26	27	28	29	30	31	33	34	36	145	100	99	113
27	28	29	31	32	33	34	35	37	89	102
28	29	32	33	34	35	36	37	38	103	41
29	30	32	33	34	35	37	38	39	146	107	136
30	31	32	34	35	36	37	38	39	40	100
31	32	34	35	37	38	39	40	41	131
32	33	34	35	36	37	38	39	40	41	42	52
33	34	35	36	37	38	39	40	41	42	43
34	35	36	37	38	39	40	41	42	43	44
35	36	37	38	40	41	42	43	44	45	64	54
36	37	39	40	41	42	43	44	45	46	142	71
37	38	39	40	42	43	44	45	46	47	146
38	39	40	41	42	43	44	45	46	47	48
39	40	41	42	43	44	45	46	47	49	62
40	41	42	44	45	46	47	48	49	50	142	43	96
41	42	44	45	46	47	48	49	50	51
42	43	44	45	46	47	49	50	51	52	66	104
43	44	45	46	47	48	49	51	52	53	66
44	45	46	47	48	49	50	51	52	54	126	71
45	46	47	48	49	50	51	53	54	55	59
46	47	48	49	51	52	53	54	55	56	70	117	144
47	48	49	50	51	52	53	54	55	56	57	143
48	49	50	51	52	53	54	55	56	57	101
49	50	51	53	54	55	56	57	58	59
50	51	52	53	54	55	56	57	58	59	60	62
51	52	53	54	57	58	59	60	127	78	76	66
52	53	54	55	56	57	59	60	61	62
53	54	55	56	57	58	59	60	61	62	63	133
54	55	56	57	58	60	62	63	64	71
55	56	57	58	59	60	61	62	63	64	65
56	57	58	59	60	61	62	63	64	65	66
57	58	59	60	61	62	63	64	65	66	67
58	59	60	61	62	63	64	65	66	67	68	134
59	60	61	62	63	64	65	67	69	100	111
60	62	64	65	66	67	68	69	70	90
61	62	63	64	65	67	68	69	70	107
62	63	64	66	67	68	69	70	71	72	141
63	64	65	66	67	68	69	70	71	72	73	120	108
64	65	66	67	68	69	70	71	72	73	74	147
65	66	67	68	69	70	71	72	73	74	115	104	94
66	68	70	71	72	73	75	76	127	121
67	68	69	70	71	72	73	74	75	76	77
68	69	70	71	72	73	74	75	76	77	78	139	142
69	70	71	72	73	74	75	76	77	78	79
70	71	72	73	74	75	76	77	78	79	80
71	72	73	74	75	76	77	79	80	81
72	73	74	75	76	77	78	79	80	82	100
73	74	75	76	77	78	79	80	81	82	83	104
74	75	76	77	78	80	81	82	83	84	140
75	76	77	78	79	80	81	83	84	85	146
76	77	78	80	82	83	84	85	86	93
77	78	79	80	81	82	83	85	86	87	106
78	79	80	81	82	84	85	86	87	88	145	117
79	80	81	82	83	84	85	86	88	131	121	95
80	81	82	83	84	85	86	87	88	90
81	82	83	84	85	86	87	88	89	90	91	138
82	83	84	85	86	88	89	90	92	144	139
83	84	85	86	87	88	89	90	92	93	141
84	86	87	88	89	90	91	92	93	94	135	136
85	86	87	89	90	92	93	94	95	125	139
86	87	89	90	91	92	93	94	95	96	138	123
87	88	89	90	91	92	93	94	95	96	97
88	89	90	91	92	93	94	95	96	97	98	111
89	90	91	92	94	95	96	97	98	99	124
90	91	92	93	94	95	96	97	98	99	100
91	92	93	95	96	97	98	99	100	101
92	93	94	95	96	97	98	99	100	101	102
93	94	95	96	97	98	99	100	101	102	103
94	95	96	97	98	99	101	102	103	104	135	113
95	96	97	98	99	100	101	102	103	104	105
96	97	98	99	100	101	102	103	104	106
97	98	99	100	101	102	103	104	105	106	107
98	99	101	103	104	105	106	107	108	139	128	124	148
99	100	102	103	104	105	106	109
100	101	102	103	104	105	107	108	109	110	132	145
101	102	103	105	106	107	108	110	111	141
102	103	104	105	107	108	109	110	111	112	115
103	104	105	106	107	108	109	110	111	112	113
104	105	106	107	108	109	110	114	148
105	106	107	108	109	110	111	112	113	114	115	119
106	107	108	109	110	111	112	113	114	115	116
107	108	109	110	111	112	113	115	116	117	120
108	109	110	111	112	113	115	117	118
109	110	111	112	113	114	115	116	117	118	119
110	111	112	114	115	116	117	118	119	120
111	112	113	114	115	116	118	119	120	121	140	137
112	113	114	115	117	118	119	120	121	129	125
113	114	115	116	117	118	119	120	121	123
114	115	116	117	118	119	120	121	122	123	124
115	116	118	119	120	121	122	123	124	125
116	117	118	119	120	121	122	123	124	125	126
117	118	119	120	122	123	125	126	127	133
118	119	120	122	123	124	125	126	127	128
119	120	121	122	123	124	126	127	128	129
120	121	123	125	126	127	128	129	130
121	122	123	124	125	127	129	130	131
122	123	124	125	126	127	128	129	130	131
123	124	125	126	127	129	130	131	132	133
124	125	126	127	128	129	131	132	133	134
125	126	127	128	129	130	131	132	133	134	135
126	127	129	130	131	132	133	134	135	136
127	128	129	130	131	132	133	134	135	136	137
128	129	130	132	134	135	136	137	138
129	130	131	132	133	134	135	136	137	138	139
130	131	132	133	134	135	136	137	138	139	140
131	132	133	134	137	138	139	140	141	146
132	133	134	135	137	138	139	140	141	142	149
133	136	137	139	141	142	143	147	134
134	135	137	138	139	140	141	142	143	144
135	136	137	138	139	140	141	143	144	145
136	137	138	139	141	142	143	144	146
137	138	139	140	141	142	143	144	145	146
138	139	140	142	144	145	146	148
139	140	142	144	145	146	147	148	149
140	141	142	143	144	145	146	147	148
141	143	144	145	146	147	148	149
142	143	144	145	146	149
143	144	145	146	147	148
144	145	146	147	148	149
145	146	147	148	149
146	147	148	149
147	148	149
148	149
149
